   990.000000    27.949070     0.017202    -2.458600    -2.286390
   965.000000    27.252677     0.015874    -3.748160    -4.063660
   940.000000    26.069333     0.014816    -4.609990    -5.422560
   915.000000    24.610704     0.013942    -5.391600    -6.606380
   890.000000    22.969138     0.013207    -6.198730    -7.597770
   865.000000    21.226973     0.012522    -7.073050    -8.244120
   840.000000    19.455862     0.011861    -7.904190    -8.233410
   815.000000    17.686760     0.011183    -8.459810    -7.474090
   790.000000    15.940940     0.010494    -8.641580    -6.271070
   765.000000    14.264482     0.009867    -8.493100    -4.843250
   740.000000    12.653636     0.009256    -7.996010    -3.302670
   715.000000    11.084502     0.008649    -7.215570    -1.730240
   690.000000     9.513023     0.008028    -6.185930    -0.245220
   665.000000     7.904922     0.007361    -4.865790     1.083290
   640.000000     6.167460     0.006741    -3.452650     2.133200
   615.000000     4.268311     0.006176    -2.040800     2.835380
   590.000000     2.381943     0.005688    -1.020300     3.385420
   565.000000     0.535383     0.005288    -0.554977     3.846270
   540.000000    -1.392402     0.004869    -0.465227     4.443440
   515.000000    -3.461629     0.004412    -0.694977     5.257860
   490.000000    -5.706795     0.003919    -0.899310     6.221030
   465.000000    -8.155508     0.003393    -0.966490     7.295750
   440.000000   -10.734697     0.002858    -0.939217     8.333090
   415.000000   -13.435520     0.002319    -0.800022     9.188900
   390.000000   -16.248899     0.001813    -0.484613     9.589900
   365.000000   -19.246421     0.001329     0.161425     9.350240
   340.000000   -22.590585     0.000920     1.464480     8.410670
   315.000000   -26.439670     0.000584     3.400930     6.886640
   290.000000   -30.921302     0.000358     5.364610     5.297430
   265.000000   -36.077592     0.000224     6.902300     4.054050
   240.000000   -41.823359     0.000142     7.626740     3.575010
   215.000000   -48.065975     0.000096     7.556630     3.784780
   190.000000   -54.642886     0.000061     7.558510     3.391470
   165.000000   -61.601625     0.000032     8.407800     1.520110
   140.000000   -69.288745     0.000014     9.517370    -0.846314
   115.000000   -76.569075     0.000006     8.695540    -1.622480
    90.000000   -80.411431     0.000003     3.688820     0.059713
    65.000000   -76.477155     0.000005    -7.100950     0.983429
    40.000000   -64.207526     0.000009   -14.849200     2.101170
    15.000000   -56.075045     0.000066   -19.390400     1.569730
