   990.000000    27.442903     0.016932    -2.413520    -2.174251
   965.000000    28.384081     0.016146    -3.922797    -3.884237
   940.000000    26.183194     0.014959    -4.792812    -5.315630
   915.000000    24.817304     0.013984    -5.132190    -6.384507
   890.000000    22.230603     0.013798    -6.010311    -7.942236
   865.000000    21.967428     0.012006    -6.747727    -8.340956
   840.000000    19.696591     0.012447    -7.761633    -7.860738
   815.000000    17.790947     0.011215    -8.136589    -7.314529
   790.000000    16.563463     0.010982    -8.686683    -6.070599
   765.000000    14.120367     0.010258    -8.212472    -4.912144
   740.000000    13.209831     0.008946    -7.867255    -3.421593
   715.000000    11.228742     0.008982    -7.116199    -1.656725
   690.000000     9.573889     0.007871    -6.063191    -0.249308
   665.000000     7.696597     0.007131    -5.100429     1.096382
   640.000000     6.431463     0.006509    -3.521418     2.233655
   615.000000     4.186327     0.006400    -2.050305     2.694676
   590.000000     2.398705     0.005426    -1.043999     3.443017
   565.000000     0.528597     0.005219    -0.540510     3.678927
   540.000000    -1.458995     0.005053    -0.448656     4.505613
   515.000000    -3.443150     0.004241    -0.662127     5.397300
   490.000000    -5.988807     0.003858    -0.916495     6.082842
   465.000000    -8.312577     0.003317    -0.947866     7.580736
   440.000000   -10.375642     0.002777    -0.943383     8.202620
   415.000000   -13.670053     0.002363    -0.760048     8.996309
   390.000000   -16.421588     0.001856    -0.487944     9.689438
   365.000000   -18.811756     0.001367     0.158218     9.337131
   340.000000   -21.677676     0.000893     1.409333     8.194185
   315.000000   -27.244749     0.000557     3.266923     7.048513
   290.000000   -31.942134     0.000341     5.168841     5.075370
   265.000000   -36.847786     0.000232     6.828212     3.860501
   240.000000   -41.203351     0.000138     7.915619     3.469199
   215.000000   -46.815222     0.000092     7.355144     3.839691
   190.000000   -53.604036     0.000062     7.865851     3.359842
   165.000000   -63.509633     0.000032     8.023266     1.450490
   140.000000   -72.198388     0.000013     9.065859    -0.884502
   115.000000   -77.291181     0.000006     8.948584    -1.661132
    90.000000   -77.711404     0.000003     3.512337     0.059510
    65.000000   -79.213922     0.000005    -7.263681     0.941146
    40.000000   -66.838684     0.000009   -14.919512     2.140771
    15.000000   -53.434822     0.000067   -20.155376     1.523957
