   990.000000    27.578921     0.017901    -2.367720    -2.303630
   965.000000    27.558773     0.015719    -3.876108    -4.086057
   940.000000    25.099623     0.014498    -4.466057    -5.203962
   915.000000    25.658940     0.014241    -5.542997    -6.443338
   890.000000    22.852436     0.013593    -6.381126    -7.572339
   865.000000    20.432319     0.012431    -6.725277    -8.298784
   840.000000    18.492318     0.012021    -7.589185    -8.314792
   815.000000    18.478217     0.011126    -8.697913    -7.274234
   790.000000    15.518678     0.010901    -8.224203    -5.978936
   765.000000    13.570805     0.009635    -8.653205    -4.829377
   740.000000    12.867735     0.009583    -8.258349    -3.356879
   715.000000    11.476241     0.008879    -6.982361    -1.715823
   690.000000     9.810804     0.007997    -6.213327    -0.249967
   665.000000     8.069183     0.007604    -4.993981     1.058052
   640.000000     6.155556     0.006744    -3.489691     2.152817
   615.000000     4.235727     0.005946    -2.105691     2.876401
   590.000000     2.460699     0.005487    -1.045953     3.545787
   565.000000     0.543315     0.005421    -0.538834     3.798235
   540.000000    -1.380966     0.005110    -0.444413     4.533783
   515.000000    -3.393334     0.004565    -0.714436     5.058992
   490.000000    -5.970832     0.003950    -0.930426     6.335532
   465.000000    -8.219465     0.003326    -0.945210     7.235308
   440.000000   -10.472117     0.002977    -0.973030     8.187609
   415.000000   -12.880021     0.002338    -0.787166     8.919703
   390.000000   -16.329850     0.001868    -0.473513     9.939650
   365.000000   -19.339646     0.001273     0.157998     9.246745
   340.000000   -21.704275     0.000913     1.497810     8.408018
   315.000000   -27.022790     0.000571     3.287137     6.556300
   290.000000   -31.644818     0.000365     5.260722     5.475943
   265.000000   -35.837467     0.000222     6.913487     3.953807
   240.000000   -41.411621     0.000141     7.841891     3.705308
   215.000000   -46.354228     0.000098     7.790200     3.756893
   190.000000   -55.661864     0.000062     7.248725     3.324496
   165.000000   -61.116297     0.000031     8.187290     1.511702
   140.000000   -66.764090     0.000014     9.211819    -0.833586
   115.000000   -80.142775     0.000006     8.989227    -1.602617
    90.000000   -83.683514     0.000003     3.841487     0.062429
    65.000000   -77.470346     0.000005    -7.387023     0.950351
    40.000000   -65.351259     0.000009   -14.469817     2.201133
    15.000000   -55.878869     0.000067   -18.707287     1.524414
