   990.000000    27.692651     0.016810    -2.337091    -2.382723
   965.000000    26.969154     0.016616    -3.839603    -3.908176
   940.000000    27.329395     0.015514    -4.736180    -5.609240
   915.000000    25.689842     0.013478    -5.527487    -6.494683
   890.000000    22.625139     0.012805    -6.084186    -7.260349
   865.000000    20.338200     0.012864    -7.011441    -8.165498
   840.000000    18.598720     0.011513    -8.165787    -7.951901
   815.000000    17.373985     0.010746    -8.664071    -7.770606
   790.000000    16.059506     0.010950    -8.263448    -6.134264
   765.000000    14.302335     0.010174    -8.360835    -4.712622
   740.000000    12.057778     0.009542    -7.625352    -3.247862
   715.000000    10.717388     0.008276    -7.127251    -1.799311
   690.000000     9.939858     0.007821    -6.166921    -0.241165
   665.000000     8.071489     0.007440    -4.769510     1.038844
   640.000000     6.164960     0.006901    -3.361833     2.213993
   615.000000     4.434366     0.006030    -2.116123     2.942494
   590.000000     2.339874     0.005610    -1.040083     3.518791
   565.000000     0.544837     0.005439    -0.546482     3.914894
   540.000000    -1.324047     0.005108    -0.453602     4.493448
   515.000000    -3.532120     0.004629    -0.720748     5.001560
   490.000000    -5.509933     0.004077    -0.881257     6.439647
   465.000000    -8.354574     0.003386    -0.982193     7.507825
   440.000000   -11.134919     0.002866    -0.975550     8.030454
   415.000000   -12.934566     0.002348    -0.800916     9.553239
   390.000000   -16.543716     0.001799    -0.482938     9.533474
   365.000000   -20.199535     0.001321     0.157769     9.660611
   340.000000   -21.565320     0.000947     1.465468     8.438525
   315.000000   -27.151037     0.000600     3.553465     7.186032
   290.000000   -31.931644     0.000375     5.365542     5.493831
   265.000000   -34.639952     0.000227     7.004559     4.017912
   240.000000   -42.705063     0.000144     7.941314     3.604107
   215.000000   -48.310157     0.000094     7.481634     3.832766
   190.000000   -55.643982     0.000059     7.781200     3.422154
   165.000000   -59.395937     0.000032     8.019544     1.510268
   140.000000   -72.358605     0.000014     9.938925    -0.846037
   115.000000   -78.644169     0.000006     8.406128    -1.564100
    90.000000   -76.753125     0.000003     3.775479     0.059538
    65.000000   -79.756516     0.000005    -6.807982     0.936174
    40.000000   -62.240829     0.000009   -14.924923     2.002681
    15.000000   -54.183819     0.000063   -19.426574     1.586411
