   990.000000    28.347646     0.017472    -2.486988    -2.321345
   965.000000    26.739282     0.015550    -3.767942    -4.212669
   940.000000    26.489389     0.015079    -4.615024    -5.495259
   915.000000    25.829929     0.013263    -5.559358    -6.935177
   890.000000    22.909460     0.013480    -6.143513    -7.265434
   865.000000    21.830209     0.012692    -6.916296    -8.262535
   840.000000    18.789671     0.011584    -8.273764    -8.428217
   815.000000    18.291688     0.010695    -8.086644    -7.388121
   790.000000    15.929411     0.010048    -8.832470    -6.011783
   765.000000    14.486531     0.010214    -8.517739    -4.991953
   740.000000    12.136201     0.009658    -7.775049    -3.298238
   715.000000    10.986153     0.008592    -6.878878    -1.803604
   690.000000     9.371442     0.008243    -6.417243    -0.243639
   665.000000     8.253036     0.007156    -4.776573     1.118648
   640.000000     6.454484     0.006435    -3.531172     2.036504
   615.000000     4.323011     0.006059    -1.962006     2.737335
   590.000000     2.310722     0.005886    -0.984475     3.315234
   565.000000     0.543276     0.005501    -0.559950     3.666433
   540.000000    -1.413068     0.004791    -0.444011     4.656313
   515.000000    -3.334070     0.004474    -0.717307     5.119072
   490.000000    -5.931841     0.003962    -0.919054     6.320260
   465.000000    -7.893321     0.003361    -0.932521     7.121504
   440.000000   -11.265171     0.002749    -0.956347     8.298225
   415.000000   -13.562911     0.002313    -0.807795     9.364429
   390.000000   -16.641105     0.001845    -0.482658    10.009965
   365.000000   -18.334787     0.001394     0.167116     9.529447
   340.000000   -21.665062     0.000880     1.468330     8.423240
   315.000000   -25.662001     0.000600     3.261812     6.558068
   290.000000   -29.552390     0.000341     5.405002     5.233857
   265.000000   -37.052379     0.000232     6.657999     3.959105
   240.000000   -43.272605     0.000144     7.659975     3.559848
   215.000000   -48.518872     0.000097     7.561671     3.949526
   190.000000   -54.282690     0.000062     7.334105     3.250603
   165.000000   -60.768171     0.000033     8.732509     1.505605
   140.000000   -71.341319     0.000014     9.746656    -0.844832
   115.000000   -78.073814     0.000006     8.514303    -1.550586
    90.000000   -79.710076     0.000003     3.549307     0.056932
    65.000000   -79.813942     0.000005    -6.829311     0.970661
    40.000000   -62.604504     0.000009   -15.362593     2.159360
    15.000000   -54.398724     0.000068   -20.225436     1.560254
