   990.000000    27.553997     0.016964    -2.518194    -2.360049
   965.000000    28.103704     0.016020    -3.633321    -4.182631
   940.000000    26.520600     0.015238    -4.557375    -5.318335
   915.000000    24.638014     0.013357    -5.208442    -6.520756
   890.000000    24.101092     0.013396    -5.977463    -7.261365
   865.000000    22.169733     0.013036    -6.799056    -7.882195
   840.000000    20.015341     0.011916    -8.034802    -8.394936
   815.000000    17.581197     0.010639    -8.443374    -7.455648
   790.000000    16.103692     0.010756    -8.759338    -6.009630
   765.000000    13.747615     0.009957    -8.335591    -4.607398
   740.000000    12.128961     0.009665    -7.976107    -3.280631
   715.000000    11.389199     0.008559    -7.026490    -1.698714
   690.000000     9.954580     0.008313    -6.255949    -0.234174
   665.000000     7.981381     0.007307    -4.915282     1.060626
   640.000000     6.236271     0.006601    -3.573275     2.069091
   615.000000     4.164684     0.006048    -2.101572     2.925495
   590.000000     2.333698     0.005791    -1.045767     3.537326
   565.000000     0.510102     0.005428    -0.550387     3.665042
   540.000000    -1.371939     0.004833    -0.456964     4.616952
   515.000000    -3.555564     0.004301    -0.713676     5.182502
   490.000000    -5.682849     0.004056    -0.859725     6.356964
   465.000000    -7.886464     0.003501    -0.919713     6.964048
   440.000000   -11.210465     0.002926    -0.909516     8.223203
   415.000000   -13.578856     0.002359    -0.807170     9.631765
   390.000000   -15.804849     0.001727    -0.481659     9.252247
   365.000000   -19.364496     0.001368     0.168056     8.895662
   340.000000   -22.184993     0.000909     1.510065     8.117536
   315.000000   -26.384297     0.000605     3.469499     6.613415
   290.000000   -30.791054     0.000366     5.457133     5.321432
   265.000000   -35.634911     0.000222     6.651609     3.990417
   240.000000   -43.227392     0.000137     7.437745     3.529851
   215.000000   -46.648805     0.000095     7.841602     3.911975
   190.000000   -52.086739     0.000063     7.526584     3.240472
   165.000000   -63.106658     0.000033     8.041991     1.471652
   140.000000   -69.496147     0.000014     9.927593    -0.832917
   115.000000   -77.720139     0.000006     9.083690    -1.622895
    90.000000   -77.713966     0.000003     3.645377     0.062280
    65.000000   -77.748357     0.000005    -7.060958     0.939370
    40.000000   -64.467935     0.000009   -14.939240     2.098195
    15.000000   -54.946253     0.000066   -19.555786     1.588073
