   990.000000    32.130073     0.016953    -1.519297    -3.137012
   965.000000    30.383191     0.014835    -3.394661    -4.797900
   940.000000    29.605125     0.015594    -4.576754    -5.114355
   915.000000    25.759533     0.013761    -5.484888    -4.356191
   890.000000    25.392003     0.014215    -6.242228    -4.101964
   865.000000    22.946066     0.012456    -7.112607    -3.313582
   840.000000    20.047561     0.012665    -7.663835    -2.993617
   815.000000    18.181047     0.011222    -8.933973    -2.535091
   790.000000    16.556226     0.009886    -9.684404    -2.354604
   765.000000    15.668621     0.008936    -9.995733    -2.325716
   740.000000    13.150006     0.007229   -10.298690    -2.511175
   715.000000    11.977983     0.005800    -9.995113    -2.373123
   690.000000     9.747801     0.004322    -8.698588    -1.941102
   665.000000     8.532633     0.003317    -8.087663    -1.122729
   640.000000     6.286848     0.003188    -6.873296    -0.177839
   615.000000     4.382376     0.003763    -5.598948     0.941728
   590.000000     2.567806     0.004361    -4.553352     1.947087
   565.000000     0.628167     0.004768    -4.064194     2.921139
   540.000000    -1.196224     0.004520    -3.291579     4.201139
   515.000000    -2.777433     0.003944    -2.459763     5.304129
   490.000000    -4.955367     0.003086    -1.285380     5.970232
   465.000000    -6.891537     0.002364     0.173248     5.449828
   440.000000    -9.563185     0.001819     1.443359     5.072307
   415.000000   -12.180664     0.001488     2.103275     4.584105
   390.000000   -15.736818     0.001096     2.792971     3.853444
   365.000000   -17.886725     0.000868     3.188179     3.850892
   340.000000   -22.558023     0.000673     2.990961     4.380128
   315.000000   -26.023854     0.000544     2.495690     5.405083
   290.000000   -32.547888     0.000382     1.339373     6.296199
   265.000000   -37.785296     0.000216     0.659690     6.622666
   240.000000   -41.578537     0.000107     2.445477     4.824677
   215.000000   -48.185734     0.000048     7.639333     2.009410
   190.000000   -55.811977     0.000030    13.857785     0.030509
   165.000000   -61.692753     0.000023    18.215335     1.093445
   140.000000   -69.998819     0.000013    18.379936     3.124000
   115.000000   -79.191833     0.000006    15.032919     3.447465
    90.000000   -80.262983     0.000004     8.595743     2.754146
    65.000000   -76.422746     0.000005     5.683235     1.745983
    40.000000   -65.226779     0.000009    -0.892607     1.325677
    15.000000   -54.705154     0.000062    -2.772189     0.784275
