   990.000000    32.537229     0.015948    -1.503982    -3.134551
   965.000000    30.213905     0.014955    -3.503415    -4.728895
   940.000000    28.475069     0.014750    -4.497553    -5.075185
   915.000000    26.515003     0.014457    -5.429901    -4.395993
   890.000000    25.384648     0.013636    -6.535320    -4.029511
   865.000000    22.539638     0.012849    -7.170917    -3.593467
   840.000000    21.743439     0.012441    -7.778782    -2.844908
   815.000000    19.098994     0.011213    -8.833090    -2.597621
   790.000000    16.524522     0.010261    -9.421204    -2.311695
   765.000000    14.887337     0.009263   -10.494388    -2.308621
   740.000000    13.281282     0.007199   -10.074808    -2.540675
   715.000000    11.623040     0.005721    -9.522237    -2.486705
   690.000000     9.702040     0.004691    -9.119683    -1.954781
   665.000000     8.238376     0.003303    -8.135442    -1.164234
   640.000000     6.215062     0.003108    -7.020084    -0.181575
   615.000000     4.327239     0.004110    -5.633723     0.935616
   590.000000     2.381754     0.004237    -4.712001     2.033645
   565.000000     0.653580     0.004500    -3.960678     2.881748
   540.000000    -1.189427     0.004252    -3.461115     4.088761
   515.000000    -2.954074     0.003761    -2.611330     5.322273
   490.000000    -4.593365     0.003123    -1.308660     5.948182
   465.000000    -6.889180     0.002472     0.175325     5.460367
   440.000000    -8.903717     0.001862     1.402381     5.276523
   415.000000   -12.212077     0.001383     2.215224     4.340747
   390.000000   -14.488233     0.001101     2.869718     3.996599
   365.000000   -19.167940     0.000890     3.312703     3.758743
   340.000000   -23.933660     0.000699     2.981258     4.397899
   315.000000   -27.260060     0.000526     2.397877     5.472555
   290.000000   -30.960565     0.000384     1.317575     6.010555
   265.000000   -38.335805     0.000206     0.667843     6.372758
   240.000000   -42.708942     0.000103     2.292780     4.671377
   215.000000   -45.432425     0.000049     7.680048     1.972888
   190.000000   -56.044948     0.000029    14.488353     0.031964
   165.000000   -58.740604     0.000022    17.843168     1.110019
   140.000000   -67.635650     0.000012    18.225384     3.334583
   115.000000   -78.748276     0.000006    15.186944     3.422128
    90.000000   -76.428659     0.000004     8.016148     2.622645
    65.000000   -71.954220     0.000005     5.683177     1.745509
    40.000000   -66.051655     0.000009    -0.875148     1.283303
    15.000000   -58.038652     0.000060    -2.704894     0.812614
