   990.000000    29.943929     0.016973    -1.566436    -3.108307
   965.000000    30.470895     0.015549    -3.303897    -4.868406
   940.000000    28.752060     0.014253    -4.825220    -4.900937
   915.000000    27.148375     0.014449    -5.503732    -4.701289
   890.000000    23.701369     0.014343    -6.185016    -4.023968
   865.000000    22.817366     0.012912    -7.337362    -3.372818
   840.000000    19.946191     0.011775    -8.306634    -2.954730
   815.000000    19.751005     0.010652    -8.811059    -2.652533
   790.000000    17.633326     0.009836   -10.005180    -2.379630
   765.000000    15.123989     0.009332    -9.846870    -2.325994
   740.000000    12.507704     0.007343    -9.948791    -2.532024
   715.000000    12.027088     0.005974   -10.120432    -2.369024
   690.000000     9.647028     0.004663    -9.209136    -1.904819
   665.000000     8.200827     0.003405    -8.013709    -1.150909
   640.000000     6.556637     0.003118    -6.535727    -0.177637
   615.000000     4.290158     0.003817    -5.638948     0.945094
   590.000000     2.605818     0.004343    -4.823156     1.905666
   565.000000     0.638651     0.004441    -3.863718     3.104187
   540.000000    -1.119220     0.004266    -3.512332     4.244606
   515.000000    -2.893221     0.003744    -2.583911     5.363166
   490.000000    -4.698599     0.003150    -1.400061     5.449489
   465.000000    -6.788266     0.002428     0.173860     5.703083
   440.000000    -9.034298     0.001846     1.455633     5.167671
   415.000000   -12.186512     0.001369     2.032999     4.510268
   390.000000   -14.793619     0.001146     2.811713     3.974305
   365.000000   -18.431156     0.000902     3.243876     3.623491
   340.000000   -23.067756     0.000649     3.072060     4.146344
   315.000000   -27.777666     0.000544     2.398733     5.480992
   290.000000   -32.419112     0.000373     1.359517     6.069049
   265.000000   -35.829381     0.000210     0.655155     6.631718
   240.000000   -43.097864     0.000106     2.382568     4.781363
   215.000000   -48.237041     0.000046     7.837428     1.866561
   190.000000   -56.639349     0.000028    14.663635     0.031185
   165.000000   -62.114039     0.000022    19.061251     1.136580
   140.000000   -67.995307     0.000012    18.444945     3.146711
   115.000000   -78.573381     0.000006    14.360136     3.487160
    90.000000   -81.873050     0.000004     8.725906     2.832470
    65.000000   -74.417232     0.000005     5.647888     1.733061
    40.000000   -63.595335     0.000009    -0.910853     1.275178
    15.000000   -55.431569     0.000058    -2.651624     0.745828
