   990.000000    31.213693     0.016288    -1.563610    -3.128130
   965.000000    30.164358     0.015488    -3.437270    -4.862070
   940.000000    28.285165     0.014923    -4.665080    -4.900860
   915.000000    26.252712     0.014356    -5.558130    -4.509610
   890.000000    24.309750     0.013714    -6.358750    -4.007620
   865.000000    22.502434     0.013053    -7.159400    -3.460880
   840.000000    20.714396     0.012248    -8.025030    -2.937740
   815.000000    18.844575     0.011193    -8.900270    -2.544690
   790.000000    16.900781     0.010067    -9.654690    -2.374780
   765.000000    14.927998     0.008940   -10.131600    -2.409160
   740.000000    13.150553     0.007545   -10.141800    -2.465220
   715.000000    11.619730     0.005848    -9.716980    -2.375810
   690.000000    10.044855     0.004475    -8.994870    -1.972290
   665.000000     8.318966     0.003474    -7.943010    -1.165240
   640.000000     6.459674     0.003250    -6.787350    -0.186194
   615.000000     4.471215     0.003937    -5.601520     0.927014
   590.000000     2.500000     0.004368    -4.656090     1.999860
   565.000000     0.653535     0.004593    -4.015400     3.004010
   540.000000    -1.142721     0.004442    -3.356370     4.071520
   515.000000    -2.921695     0.003842    -2.530720     5.139350
   490.000000    -4.763494     0.003177    -1.344100     5.726490
   465.000000    -6.786963     0.002400     0.169524     5.651300
   440.000000    -9.126767     0.001813     1.388440     5.176370
   415.000000   -11.900437     0.001437     2.131970     4.459990
   390.000000   -15.117428     0.001119     2.737740     3.891090
   365.000000   -18.800358     0.000868     3.202700     3.736410
   340.000000   -22.888830     0.000673     3.130380     4.251100
   315.000000   -27.336563     0.000531     2.406270     5.340590
   290.000000   -32.035995     0.000366     1.328580     6.294020
   265.000000   -36.922270     0.000208     0.664323     6.426320
   240.000000   -42.088567     0.000105     2.396280     4.893030
   215.000000   -47.787032     0.000048     7.587080     1.934220
   190.000000   -54.079102     0.000029    13.988100     0.032078
   165.000000   -60.937334     0.000022    18.421000     1.143140
   140.000000   -68.628959     0.000012    19.021500     3.201190
   115.000000   -75.981038     0.000006    14.970000     3.563780
    90.000000   -79.210308     0.000004     8.394770     2.733110
    65.000000   -74.367098     0.000005     5.442310     1.668200
    40.000000   -63.734424     0.000009    -0.911201     1.290400
    15.000000   -56.888070     0.000060    -2.707330     0.781513
