   990.000000    31.847172     0.016070    -1.506585    -3.105164
   965.000000    30.492394     0.015994    -3.283032    -5.031781
   940.000000    29.653626     0.015418    -4.522884    -4.677725
   915.000000    26.496657     0.013907    -5.299177    -4.677534
   890.000000    23.876136     0.013879    -6.573259    -4.060713
   865.000000    22.955695     0.013070    -7.079396    -3.385288
   840.000000    19.806852     0.012326    -7.930993    -2.795491
   815.000000    18.123238     0.011516    -8.953601    -2.458720
   790.000000    17.589191     0.009763    -9.808799    -2.476826
   765.000000    14.572562     0.008496   -10.163300    -2.421217
   740.000000    13.739396     0.007446   -10.465907    -2.412041
   715.000000    11.209786     0.006010   -10.168428    -2.472605
   690.000000    10.037802     0.004279    -8.651263    -1.896305
   665.000000     8.643317     0.003376    -8.113278    -1.109623
   640.000000     6.172236     0.003395    -6.553405    -0.194668
   615.000000     4.653666     0.003908    -5.710844     0.898105
   590.000000     2.467194     0.004150    -4.772088     2.017001
   565.000000     0.647521     0.004750    -3.850918     2.915486
   540.000000    -1.144368     0.004232    -3.388444     3.896701
   515.000000    -2.959671     0.003701    -2.582925     5.247625
   490.000000    -4.776119     0.003177    -1.350569     5.934038
   465.000000    -6.532246     0.002414     0.166303     5.550948
   440.000000    -9.418732     0.001903     1.420674     5.154566
   415.000000   -11.944548     0.001464     2.165295     4.617643
   390.000000   -14.406470     0.001138     2.836436     4.083137
   365.000000   -18.186130     0.000854     3.193821     3.908899
   340.000000   -23.028127     0.000671     3.014721     4.199186
   315.000000   -26.559347     0.000531     2.294913     5.096558
   290.000000   -32.615653     0.000379     1.393107     6.221870
   265.000000   -36.562723     0.000198     0.684748     6.223722
   240.000000   -43.129083     0.000101     2.368200     4.810363
   215.000000   -49.894595     0.000047     7.959610     1.958001
   190.000000   -54.493738     0.000029    14.448598     0.032124
   165.000000   -63.473157     0.000022    18.809158     1.175457
   140.000000   -67.141575     0.000013    19.732448     3.246667
   115.000000   -74.661629     0.000006    14.390487     3.411944
    90.000000   -80.834155     0.000004     8.394302     2.856197
    65.000000   -77.213818     0.000005     5.698125     1.747781
    40.000000   -66.296727     0.000009    -0.927375     1.302035
    15.000000   -57.025407     0.000060    -2.823633     0.775690
