   990.000000    29.819152     0.015638    -1.556866    -3.059009
   965.000000    30.093676     0.016104    -3.541859    -4.971974
   940.000000    28.637403     0.015272    -4.616713    -5.033685
   915.000000    24.989854     0.013679    -5.589636    -4.638262
   890.000000    24.770077     0.013164    -6.618027    -4.133500
   865.000000    23.115742     0.012660    -7.238913    -3.360802
   840.000000    20.030334     0.012016    -7.732228    -2.828652
   815.000000    17.922369     0.011414    -8.754584    -2.480343
   790.000000    17.186675     0.009588    -9.394678    -2.404609
   765.000000    14.927659     0.008718    -9.797940    -2.364331
   740.000000    12.581703     0.007200   -10.073325    -2.439346
   715.000000    11.551989     0.006010    -9.977322    -2.492200
   690.000000    10.255087     0.004306    -9.234076    -2.003904
   665.000000     8.564073     0.003333    -7.973693    -1.146297
   640.000000     6.661593     0.003186    -6.998907    -0.189030
   615.000000     4.341234     0.004016    -5.708638     0.968057
   590.000000     2.533601     0.004272    -4.534809     2.042644
   565.000000     0.642503     0.004533    -4.114496     2.972383
   540.000000    -1.097315     0.004358    -3.283586     4.155361
   515.000000    -2.924369     0.003996    -2.494458     5.115833
   490.000000    -4.890197     0.003298    -1.279841     5.799208
   465.000000    -6.523269     0.002341     0.174555     5.501587
   440.000000    -9.244817     0.001892     1.366496     5.026631
   415.000000   -12.044571     0.001367     2.115979     4.630046
   390.000000   -15.053813     0.001156     2.850676     3.807924
   365.000000   -19.559031     0.000876     3.101315     3.895191
   340.000000   -23.486678     0.000661     3.186243     4.119478
   315.000000   -28.408505     0.000530     2.373227     5.526665
   290.000000   -32.740647     0.000365     1.328369     6.323179
   265.000000   -36.405306     0.000215     0.685717     6.243137
   240.000000   -42.830551     0.000107     2.328842     5.050996
   215.000000   -46.313620     0.000046     7.391602     1.892895
   190.000000   -55.209712     0.000028    13.415765     0.031319
   165.000000   -61.135935     0.000022    18.555734     1.179685
   140.000000   -67.436329     0.000012    19.637321     3.101089
   115.000000   -77.567495     0.000006    15.020752     3.418455
    90.000000   -76.315924     0.000004     8.020768     2.840978
    65.000000   -70.690277     0.000005     5.510108     1.658092
    40.000000   -65.470652     0.000009    -0.896813     1.240954
    15.000000   -57.579518     0.000063    -2.578435     0.805312
