   990.000000    29.977081     0.016862    -1.636237    -3.203795
   965.000000    29.568192     0.015401    -3.300087    -5.037593
   940.000000    27.727270     0.015257    -4.778784    -5.022738
   915.000000    26.344714     0.013880    -5.376063    -4.496269
   890.000000    23.299504     0.014398    -6.524829    -3.955214
   865.000000    22.719280     0.012868    -6.899162    -3.376003
   840.000000    21.537599     0.012514    -8.300990    -2.912391
   815.000000    18.694380     0.011223    -9.333941    -2.480507
   790.000000    17.304228     0.010023    -9.717389    -2.397427
   765.000000    14.967274     0.009032   -10.347296    -2.302907
   740.000000    13.172476     0.007850   -10.606450    -2.472879
   715.000000    11.457766     0.005943   -10.060381    -2.343695
   690.000000    10.120064     0.004572    -8.833977    -2.069726
   665.000000     8.115099     0.003572    -7.944964    -1.109905
   640.000000     6.367622     0.003318    -6.822451    -0.194970
   615.000000     4.421357     0.004037    -5.414091     0.963577
   590.000000     2.548875     0.004430    -4.825032     2.079371
   565.000000     0.638844     0.004815    -4.120482     3.133257
   540.000000    -1.150277     0.004232    -3.417904     4.005705
   515.000000    -3.038506     0.003891    -2.590438     5.373656
   490.000000    -4.836530     0.003106    -1.310939     5.585952
   465.000000    -6.480599     0.002286     0.162815     5.421397
   440.000000    -9.206810     0.001808     1.390390     5.203683
   415.000000   -12.200660     0.001375     2.120138     4.343648
   390.000000   -15.757292     0.001158     2.793344     4.058640
   365.000000   -18.182145     0.000910     3.271032     3.877421
   340.000000   -23.425019     0.000661     3.125379     4.444423
   315.000000   -26.462485     0.000532     2.432261     5.362081
   290.000000   -32.187957     0.000350     1.292037     6.030163
   265.000000   -35.309382     0.000209     0.644348     6.474010
   240.000000   -40.917195     0.000106     2.442723     5.042572
   215.000000   -49.415909     0.000048     7.874068     2.016848
   190.000000   -51.833082     0.000030    13.793617     0.031422
   165.000000   -60.637005     0.000021    17.522893     1.189783
   140.000000   -68.772551     0.000012    19.486133     3.345840
   115.000000   -79.215184     0.000006    14.675330     3.459851
    90.000000   -81.669385     0.000004     8.710945     2.619370
    65.000000   -76.561403     0.000005     5.429779     1.696189
    40.000000   -65.138524     0.000009    -0.881323     1.259044
    15.000000   -58.840451     0.000057    -2.775077     0.794975
