   990.000000    32.124914     0.015828    -1.634956    -3.118679
   965.000000    30.166629     0.016198    -3.336637    -4.799665
   940.000000    28.717803     0.014560    -4.588951    -5.135725
   915.000000    25.344687     0.014984    -5.444874    -4.574515
   890.000000    24.373990     0.013607    -6.636625    -4.205937
   865.000000    22.423888     0.012824    -7.238280    -3.495846
   840.000000    19.921038     0.011900    -7.935879    -2.831964
   815.000000    19.083103     0.011729    -8.552293    -2.430029
   790.000000    17.686632     0.010110    -9.872143    -2.368763
   765.000000    14.647134     0.008700   -10.532993    -2.353429
   740.000000    13.616956     0.007723    -9.780205    -2.550499
   715.000000    11.881839     0.005833    -9.877662    -2.417359
   690.000000     9.755752     0.004643    -8.908250    -1.942612
   665.000000     8.700644     0.003603    -7.874559    -1.198616
   640.000000     6.422593     0.003233    -6.560196    -0.185462
   615.000000     4.512915     0.004069    -5.672949     0.915987
   590.000000     2.517725     0.004448    -4.880544     1.945362
   565.000000     0.662894     0.004585    -4.039979     3.084643
   540.000000    -1.168569     0.004450    -3.209537     3.948407
   515.000000    -2.865319     0.003954    -2.544104     5.342030
   490.000000    -4.933034     0.003235    -1.319959     5.523901
   465.000000    -7.068672     0.002309     0.166651     5.732805
   440.000000    -9.311954     0.001809     1.371734     5.027448
   415.000000   -11.892565     0.001377     2.130580     4.539222
   390.000000   -15.731992     0.001113     2.684629     3.923361
   365.000000   -19.696947     0.000861     3.325300     3.889460
   340.000000   -23.762043     0.000695     3.108688     4.347924
   315.000000   -27.643422     0.000519     2.348802     5.241518
   290.000000   -30.631714     0.000383     1.288338     6.255693
   265.000000   -36.708510     0.000211     0.696181     6.719455
   240.000000   -41.094662     0.000100     2.492112     4.650798
   215.000000   -49.501684     0.000049     7.748516     2.016131
   190.000000   -52.297487     0.000029    13.880702     0.031313
   165.000000   -62.088565     0.000022    18.359903     1.102499
   140.000000   -66.934549     0.000012    19.258510     3.349136
   115.000000   -79.425940     0.000006    14.308979     3.451632
    90.000000   -82.140462     0.000004     8.455290     2.729184
    65.000000   -73.446866     0.000005     5.620311     1.612131
    40.000000   -61.051465     0.000009    -0.944325     1.237813
    15.000000   -58.048137     0.000061    -2.727064     0.788508
