   990.000000    31.569022     0.015701    -1.562940    -3.071987
   965.000000    29.944581     0.015000    -3.353226    -4.861820
   940.000000    27.576903     0.015604    -4.463223    -4.709713
   915.000000    24.946792     0.014362    -5.781526    -4.431418
   890.000000    25.298946     0.014001    -6.198150    -4.177741
   865.000000    21.923667     0.012512    -7.046361    -3.463158
   840.000000    21.643147     0.012555    -7.981994    -2.803459
   815.000000    18.442048     0.010780    -8.843978    -2.614155
   790.000000    16.418040     0.009750    -9.704247    -2.348199
   765.000000    14.308072     0.008793    -9.697988    -2.329268
   740.000000    12.525310     0.007447    -9.859257    -2.527352
   715.000000    11.685352     0.005880    -9.548134    -2.455047
   690.000000     9.891035     0.004367    -9.392157    -1.971369
   665.000000     8.008647     0.003334    -7.663517    -1.178482
   640.000000     6.543309     0.003089    -6.769207    -0.182799
   615.000000     4.383663     0.003823    -5.380801     0.920055
   590.000000     2.548771     0.004370    -4.697500     1.975482
   565.000000     0.652198     0.004747    -3.989581     3.115663
   540.000000    -1.105688     0.004341    -3.473243     4.134855
   515.000000    -2.898836     0.004032    -2.620165     5.360660
   490.000000    -4.613351     0.003069    -1.356612     5.747957
   465.000000    -6.907626     0.002517     0.174861     5.803060
   440.000000    -8.693515     0.001840     1.400378     4.945687
   415.000000   -11.412530     0.001431     2.205930     4.605851
   390.000000   -14.781571     0.001106     2.685893     3.942747
   365.000000   -18.161677     0.000852     3.105688     3.860947
   340.000000   -23.998999     0.000665     3.171850     4.101684
   315.000000   -26.118835     0.000505     2.365818     5.593610
   290.000000   -31.092482     0.000375     1.363987     6.058494
   265.000000   -38.493577     0.000201     0.680265     6.501029
   240.000000   -40.972029     0.000110     2.508008     5.096746
   215.000000   -47.294769     0.000050     7.938242     1.973736
   190.000000   -51.590273     0.000029    13.561466     0.031357
   165.000000   -61.671834     0.000021    19.057206     1.161744
   140.000000   -67.484910     0.000012    19.650568     3.099298
   115.000000   -74.974313     0.000006    14.677171     3.392290
    90.000000   -79.290034     0.000004     8.044774     2.828530
    65.000000   -76.119547     0.000005     5.653543     1.734501
    40.000000   -60.902382     0.000009    -0.949813     1.282324
    15.000000   -56.927997     0.000063    -2.726395     0.768066
