   990.000000    30.461162     0.016334    -1.577357    -3.230239
   965.000000    31.129636     0.015174    -3.486399    -4.743425
   940.000000    27.524476     0.014663    -4.838499    -5.082508
   915.000000    25.368288     0.014228    -5.735831    -4.456928
   890.000000    23.496760     0.014122    -6.085898    -3.840847
   865.000000    21.919620     0.013026    -6.804742    -3.383448
   840.000000    21.298340     0.012157    -8.109699    -3.001136
   815.000000    18.796816     0.011206    -8.583475    -2.648048
   790.000000    16.694517     0.009608    -9.770822    -2.466435
   765.000000    14.663713     0.009097    -9.840810    -2.511329
   740.000000    13.445026     0.007818   -10.120894    -2.493288
   715.000000    11.096358     0.006126    -9.672475    -2.296426
   690.000000    10.422632     0.004574    -9.402637    -2.016881
   665.000000     8.399388     0.003312    -8.154085    -1.109148
   640.000000     6.219730     0.003197    -6.472638    -0.177239
   615.000000     4.437153     0.003895    -5.720648     0.962405
   590.000000     2.480012     0.004415    -4.733608     1.945346
   565.000000     0.671166     0.004555    -3.908459     3.007479
   540.000000    -1.130816     0.004406    -3.412750     4.067142
   515.000000    -2.977176     0.003805    -2.446616     5.334970
   490.000000    -4.711786     0.003193    -1.322053     5.590967
   465.000000    -6.934027     0.002362     0.175663     5.893653
   440.000000    -9.225928     0.001723     1.426279     5.296713
   415.000000   -11.841602     0.001410     2.153318     4.365347
   390.000000   -15.363328     0.001098     2.818562     3.988642
   365.000000   -18.658361     0.000872     3.188196     3.725838
   340.000000   -22.583565     0.000662     3.094809     4.455407
   315.000000   -26.775653     0.000550     2.393039     5.250312
   290.000000   -33.414462     0.000357     1.390934     6.169791
   265.000000   -37.120387     0.000217     0.680936     6.676622
   240.000000   -43.354839     0.000109     2.402256     4.689849
   215.000000   -45.714704     0.000050     7.956793     1.918095
   190.000000   -51.556615     0.000028    14.524339     0.031525
   165.000000   -58.513019     0.000022    19.115571     1.192222
   140.000000   -65.862679     0.000012    19.294339     3.232365
   115.000000   -79.273916     0.000006    15.187264     3.473705
    90.000000   -75.379151     0.000004     8.170743     2.644875
    65.000000   -76.683110     0.000005     5.182616     1.700003
    40.000000   -66.873641     0.000009    -0.928536     1.284273
    15.000000   -58.902676     0.000058    -2.586394     0.813476
