   990.000000    31.844812     0.017022    -1.522383    -3.128928
   965.000000    29.069325     0.015747    -3.319512    -5.070659
   940.000000    27.326589     0.014218    -4.758522    -4.822863
   915.000000    26.404124     0.014363    -5.733670    -4.593192
   890.000000    24.178270     0.013498    -6.418969    -4.135376
   865.000000    23.393620     0.012747    -7.396820    -3.612261
   840.000000    20.499317     0.012567    -7.641451    -2.969834
   815.000000    18.555330     0.011286    -8.927873    -2.419928
   790.000000    16.461640     0.010192    -9.185959    -2.333376
   765.000000    14.813192     0.008886   -10.270439    -2.338007
   740.000000    13.759706     0.007271   -10.177979    -2.531990
   715.000000    11.085948     0.005932   -10.186099    -2.378274
   690.000000    10.304036     0.004423    -9.357438    -1.894533
   665.000000     8.594221     0.003325    -8.020808    -1.129235
   640.000000     6.674455     0.003142    -6.863348    -0.189618
   615.000000     4.541136     0.003912    -5.389988     0.933769
   590.000000     2.541100     0.004222    -4.655103     1.974632
   565.000000     0.666996     0.004760    -4.125705     3.063153
   540.000000    -1.118519     0.004294    -3.487829     4.145677
   515.000000    -2.958710     0.003687    -2.508046     5.044122
   490.000000    -4.556743     0.003231    -1.290773     5.448968
   465.000000    -7.076129     0.002411     0.174720     5.670704
   440.000000    -9.351851     0.001785     1.337246     5.170237
   415.000000   -11.959176     0.001367     2.047350     4.466982
   390.000000   -14.716326     0.001120     2.698408     4.025725
   365.000000   -19.236049     0.000900     3.229771     3.656508
   340.000000   -22.345621     0.000704     3.038399     4.254227
   315.000000   -27.838634     0.000551     2.367253     5.213306
   290.000000   -32.939104     0.000366     1.288062     6.346328
   265.000000   -36.740925     0.000205     0.673639     6.212445
   240.000000   -42.089500     0.000109     2.451823     4.956443
   215.000000   -49.258582     0.000049     7.296325     2.016121
   190.000000   -52.991803     0.000028    13.439635     0.032280
   165.000000   -61.569127     0.000022    18.875202     1.119880
   140.000000   -66.095734     0.000012    19.480305     3.113524
   115.000000   -72.433297     0.000006    15.390451     3.452867
    90.000000   -80.460070     0.000004     8.143515     2.812196
    65.000000   -72.533877     0.000005     5.364889     1.736703
    40.000000   -61.278958     0.000009    -0.883619     1.279621
    15.000000   -57.168838     0.000062    -2.797616     0.811277
