   990.000000    27.205837     0.017117    -2.369036    -2.213427
   965.000000    28.087966     0.016276    -3.573460    -4.109776
   940.000000    26.961020     0.014181    -4.776968    -5.323818
   915.000000    25.821819     0.014141    -5.591580    -6.842927
   890.000000    23.665518     0.012638    -6.349858    -7.544434
   865.000000    20.650369     0.013052    -6.976460    -8.526965
   840.000000    20.303802     0.012070    -7.552516    -8.476838
   815.000000    17.300223     0.011115    -8.622898    -7.358696
   790.000000    15.155332     0.011003    -8.806112    -6.050555
   765.000000    13.617762     0.010146    -8.716651    -4.966133
   740.000000    12.305527     0.009207    -8.272238    -3.191349
   715.000000    11.177836     0.008594    -7.219990    -1.677105
   690.000000     9.613633     0.008169    -6.280667    -0.250338
   665.000000     8.070539     0.007613    -4.998923     1.086366
   640.000000     6.200640     0.006962    -3.567629     2.217393
   615.000000     4.368962     0.006283    -2.113503     2.821966
   590.000000     2.402418     0.005411    -1.034746     3.433189
   565.000000     0.516189     0.005125    -0.579219     3.922947
   540.000000    -1.375274     0.005001    -0.464997     4.362381
   515.000000    -3.480926     0.004262    -0.694785     5.199619
   490.000000    -5.702239     0.003821    -0.933121     6.421348
   465.000000    -8.122860     0.003539    -0.928383     7.520651
   440.000000   -10.248383     0.002810    -0.985084     8.062486
   415.000000   -13.882962     0.002261    -0.801315     9.263160
   390.000000   -15.705175     0.001892    -0.472371     9.814773
   365.000000   -19.983019     0.001319     0.162262     9.789560
   340.000000   -23.002098     0.000884     1.436264     8.316891
   315.000000   -26.620586     0.000611     3.446224     6.578881
   290.000000   -30.968085     0.000346     5.510687     5.187454
   265.000000   -36.012575     0.000224     6.643164     3.939718
   240.000000   -42.142613     0.000140     7.295269     3.609895
   215.000000   -49.910796     0.000099     7.567969     3.640281
   190.000000   -53.758760     0.000061     7.324177     3.416038
   165.000000   -59.765452     0.000032     8.518119     1.445683
   140.000000   -66.610761     0.000014     9.766795    -0.837138
   115.000000   -72.862770     0.000006     8.516758    -1.650326
    90.000000   -79.163297     0.000003     3.624077     0.058328
    65.000000   -79.078415     0.000005    -6.769160     0.970140
    40.000000   -64.466359     0.000009   -14.424996     2.120777
    15.000000   -58.278190     0.000065   -19.021223     1.598049
