   990.000000    26.943761     0.017505    -2.578660    -2.226630
   965.000000    27.785904     0.016562    -3.742532    -4.128291
   940.000000    25.949215     0.014360    -4.493744    -5.520971
   915.000000    25.190546     0.014113    -5.204252    -6.345871
   890.000000    23.729193     0.012900    -6.435331    -7.311159
   865.000000    21.362221     0.012256    -6.914047    -8.377166
   840.000000    19.606869     0.011999    -7.905115    -8.288842
   815.000000    17.675229     0.011735    -8.135984    -7.223314
   790.000000    15.714348     0.010674    -8.278776    -6.124789
   765.000000    14.489198     0.009730    -8.783815    -4.718700
   740.000000    13.268209     0.009124    -7.731458    -3.232759
   715.000000    11.180127     0.008464    -7.231978    -1.737907
   690.000000     9.526446     0.007738    -6.111394    -0.255993
   665.000000     7.847147     0.007625    -4.985000     1.056563
   640.000000     6.432047     0.006728    -3.284914     2.143095
   615.000000     4.394070     0.006374    -1.955833     2.824008
   590.000000     2.411030     0.005577    -1.051821     3.507304
   565.000000     0.543191     0.005516    -0.536812     3.862689
   540.000000    -1.359428     0.005020    -0.457755     4.529793
   515.000000    -3.303124     0.004530    -0.663056     5.034737
   490.000000    -5.817658     0.003971    -0.901626     5.945192
   465.000000    -7.974146     0.003286    -0.971715     7.238496
   440.000000   -11.208087     0.002998    -0.971278     8.486927
   415.000000   -13.574344     0.002431    -0.770212     9.142097
   390.000000   -16.827515     0.001864    -0.477380     9.906164
   365.000000   -19.631341     0.001330     0.165997     9.270403
   340.000000   -23.448736     0.000902     1.488278     8.435038
   315.000000   -25.362444     0.000566     3.534510     6.769767
   290.000000   -31.234754     0.000375     5.249898     5.474115
   265.000000   -37.195572     0.000213     6.795251     3.922533
   240.000000   -43.398121     0.000142     7.439131     3.521043
   215.000000   -50.367281     0.000096     7.792324     3.869999
   190.000000   -54.046476     0.000058     7.872549     3.514999
   165.000000   -62.243538     0.000032     8.151609     1.484206
   140.000000   -66.939683     0.000014     9.171178    -0.861379
   115.000000   -75.124165     0.000006     8.421505    -1.632559
    90.000000   -78.334965     0.000003     3.830424     0.061532
    65.000000   -73.621433     0.000005    -7.150985     0.987810
    40.000000   -65.712905     0.000009   -14.309596     1.996178
    15.000000   -55.794521     0.000066   -20.078374     1.495950
