   990.000000    28.247145     0.016464    -2.445568    -2.288494
   965.000000    28.327428     0.016357    -3.705145    -4.177540
   940.000000    25.834388     0.015408    -4.660704    -5.376847
   915.000000    23.620052     0.014568    -5.626742    -6.338510
   890.000000    23.422500     0.013318    -6.306551    -7.461263
   865.000000    21.041071     0.012978    -7.209707    -7.866531
   840.000000    19.392736     0.012207    -8.203210    -8.536609
   815.000000    17.602500     0.011141    -8.525039    -7.838627
   790.000000    15.559312     0.010054    -8.952232    -6.154464
   765.000000    13.945962     0.010359    -8.825018    -5.071726
   740.000000    12.439833     0.008868    -7.890099    -3.299931
   715.000000    11.153800     0.008832    -7.360344    -1.752927
   690.000000     9.944691     0.007813    -6.331639    -0.245568
   665.000000     7.696218     0.007251    -4.908701     1.046810
   640.000000     5.903788     0.006921    -3.611276     2.168998
   615.000000     4.173476     0.005946    -1.965321     2.924087
   590.000000     2.417635     0.005830    -0.994815     3.287251
   565.000000     0.533653     0.005223    -0.546460     4.034753
   540.000000    -1.348028     0.004634    -0.485600     4.555046
   515.000000    -3.541057     0.004193    -0.729585     5.030156
   490.000000    -5.899299     0.003759    -0.886749     6.436459
   465.000000    -8.211861     0.003539    -1.013347     7.082045
   440.000000   -11.081175     0.002892    -0.927677     8.187877
   415.000000   -13.329546     0.002391    -0.792892     8.733181
   390.000000   -15.635618     0.001895    -0.474344     9.392823
   365.000000   -18.906233     0.001390     0.162426     9.431454
   340.000000   -21.683338     0.000880     1.462785     8.372122
   315.000000   -26.781394     0.000566     3.357024     6.841808
   290.000000   -31.017363     0.000371     5.174331     5.178029
   265.000000   -35.758597     0.000214     6.943311     4.184773
   240.000000   -40.945441     0.000142     7.586886     3.553720
   215.000000   -45.832537     0.000100     7.892468     3.870940
   190.000000   -56.427246     0.000063     7.402800     3.411736
   165.000000   -62.712640     0.000033     8.705347     1.560955
   140.000000   -66.121089     0.000014     9.228361    -0.806021
   115.000000   -76.848577     0.000006     8.988626    -1.633729
    90.000000   -80.880024     0.000003     3.569600     0.057955
    65.000000   -76.913228     0.000005    -7.320940     0.974145
    40.000000   -61.280010     0.000009   -14.630438     2.050216
    15.000000   -53.436288     0.000068   -19.242985     1.521810
