   990.000000    26.768110     0.017707    -2.455296    -2.225113
   965.000000    26.959163     0.015593    -3.668480    -3.944215
   940.000000    26.852691     0.014990    -4.757309    -5.538406
   915.000000    23.905412     0.013395    -5.428882    -6.688781
   890.000000    22.498864     0.012767    -6.075042    -7.948473
   865.000000    20.840958     0.012580    -6.809430    -8.551484
   840.000000    20.345908     0.012219    -7.777106    -7.934558
   815.000000    17.203212     0.011120    -8.829281    -7.603600
   790.000000    16.476718     0.010552    -8.237408    -6.533867
   765.000000    13.595831     0.010338    -8.336241    -5.034336
   740.000000    12.038564     0.009292    -7.655098    -3.392860
   715.000000    10.550541     0.008620    -7.458712    -1.724807
   690.000000     9.627363     0.008128    -6.272941    -0.253478
   665.000000     8.258225     0.007424    -4.870689     1.050012
   640.000000     6.022101     0.006827    -3.423442     2.096936
   615.000000     4.059004     0.005935    -2.056290     2.872039
   590.000000     2.358132     0.005511    -1.015951     3.532171
   565.000000     0.508748     0.005413    -0.539795     3.694033
   540.000000    -1.389437     0.004811    -0.467284     4.592836
   515.000000    -3.543825     0.004339    -0.707732     5.130428
   490.000000    -5.670284     0.003867    -0.902548     6.448347
   465.000000    -7.815154     0.003224    -1.013257     7.589528
   440.000000   -10.384382     0.002883    -0.901325     8.262746
   415.000000   -13.780604     0.002368    -0.812047     9.277693
   390.000000   -15.884185     0.001876    -0.501912    10.032226
   365.000000   -20.145835     0.001393     0.161328     9.295052
   340.000000   -22.205655     0.000950     1.480805     8.479532
   315.000000   -25.203210     0.000593     3.434923     7.200820
   290.000000   -29.752974     0.000369     5.512079     5.302753
   265.000000   -34.525305     0.000214     6.646394     4.114103
   240.000000   -40.026413     0.000148     7.554019     3.669368
   215.000000   -46.918496     0.000098     7.401267     3.732314
   190.000000   -52.955902     0.000063     7.350489     3.354169
   165.000000   -60.046831     0.000032     8.312160     1.500612
   140.000000   -67.469871     0.000014     9.646606    -0.856960
   115.000000   -79.149839     0.000006     8.300627    -1.576271
    90.000000   -82.157760     0.000003     3.868719     0.058374
    65.000000   -79.901637     0.000005    -7.166488     0.994242
    40.000000   -66.860247     0.000009   -14.939903     2.179646
    15.000000   -53.280165     0.000067   -19.723111     1.513465
