   990.000000    28.228203     0.017917    -2.455833    -2.215710
   965.000000    26.514915     0.015686    -3.897107    -4.234337
   940.000000    25.124200     0.014912    -4.621921    -5.356593
   915.000000    24.365065     0.013507    -5.330746    -6.674958
   890.000000    21.853317     0.012602    -5.945499    -7.869397
   865.000000    20.556966     0.012858    -6.757013    -7.838008
   840.000000    19.182551     0.011985    -8.123153    -8.243761
   815.000000    16.933744     0.011736    -8.168303    -7.761190
   790.000000    16.346931     0.010223    -8.728003    -6.116620
   765.000000    14.682575     0.010013    -8.774941    -4.912271
   740.000000    12.761234     0.009161    -7.860078    -3.463041
   715.000000    10.634161     0.008655    -7.568539    -1.785397
   690.000000     9.602852     0.007801    -6.167186    -0.251529
   665.000000     7.615340     0.007268    -5.085027     1.036005
   640.000000     5.903210     0.006677    -3.321873     2.061492
   615.000000     4.066005     0.006253    -1.988914     2.706824
   590.000000     2.377153     0.005518    -1.024095     3.263331
   565.000000     0.523738     0.005072    -0.563743     3.771102
   540.000000    -1.447294     0.005032    -0.448516     4.541460
   515.000000    -3.343388     0.004345    -0.663007     5.350679
   490.000000    -5.477606     0.003779    -0.879110     5.988764
   465.000000    -7.865364     0.003332    -0.961504     7.150594
   440.000000   -10.973152     0.002960    -0.920100     8.087574
   415.000000   -12.834346     0.002292    -0.776022     8.889200
   390.000000   -16.812674     0.001840    -0.480264     9.805853
   365.000000   -18.874110     0.001352     0.160257     9.697052
   340.000000   -21.903066     0.000925     1.424012     8.297817
   315.000000   -27.628399     0.000590     3.333278     6.546297
   290.000000   -31.209590     0.000347     5.252312     5.233577
   265.000000   -36.359031     0.000223     6.664155     4.064926
   240.000000   -42.195465     0.000147     7.442356     3.518491
   215.000000   -47.404642     0.000092     7.605830     3.818553
   190.000000   -53.116214     0.000060     7.526380     3.236504
   165.000000   -59.308582     0.000033     8.434817     1.551528
   140.000000   -72.119685     0.000014     9.724753    -0.805851
   115.000000   -76.371151     0.000006     8.639329    -1.617882
    90.000000   -83.679056     0.000003     3.648908     0.056955
    65.000000   -73.860805     0.000005    -7.097425     0.938099
    40.000000   -66.998451     0.000009   -14.558780     2.037376
    15.000000   -56.131157     0.000065   -19.481186     1.495665
